{
    "calibration_date": "2023-10-07 21:59:05.086390",
    "camera_resolution": {
        "type_id": "opencv-matrix",
        "rows": 2,
        "cols": 1,
        "dt": "d",
        "data": [ 480.0, 640.0 ]
    },
    "camera_matrix": {
        "type_id": "opencv-matrix",
        "rows": 3,
        "cols": 3,
        "dt": "d",
        "data": [ 6.4968262432519919e+02, 0.0, 3.0942969579136189e+02,
            0.0, 6.5825907329824645e+02, 2.5791480572747059e+02, 0.0,
            0.0, 1.0 ]
    },
    "distortion_coefficients": {
        "type_id": "opencv-matrix",
        "rows": 1,
        "cols": 5,
        "dt": "d",
        "data": [ 2.0117343318488645e-01, -1.3079060019356881e+00,
            -3.1088530540819858e-03, -8.1694597977659249e-03,
            3.4913786016497683e+00 ]
    }
}
