{
    "calibration_date": "2023-10-08 14:18:14.202985",
    "camera_resolution": {
        "type_id": "opencv-matrix",
        "rows": 2,
        "cols": 1,
        "dt": "d",
        "data": [
            1200,
            1600
        ]
    },
    "camera_matrix": {
        "type_id": "opencv-matrix",
        "rows": 3,
        "cols": 3,
        "dt": "d",
        "data": [
            6.6182892722642703e+02,
            0.0,
            3.2749143958828682e+02,
            0.0,
            6.6283574778345553e+02,
            2.3905981280315453e+02,
            0.0,
            0.0,
            1.0
        ]
    },
    "distortion_coefficients": {
        "type_id": "opencv-matrix",
        "rows": 1,
        "cols": 5,
        "dt": "d",
        "data": [
            8.9803153241562447e-02,
            -2.7146567973626029e-01,
            2.4007879531255157e-03,
            -4.0953445467541106e-03,
            6.8870730340111008e-01
        ]
    }
}