{
    "calibration_date": "2024-02-05 16:47:30.293545",
    "camera_resolution": {
        "type_id": "opencv-matrix",
        "rows": 2,
        "cols": 1,
        "dt": "d",
        "data": [ 1200.0, 1600.0 ]
    },
    "camera_matrix": {
        "type_id": "opencv-matrix",
        "rows": 3,
        "cols": 3,
        "dt": "d",
        "data": [ 8.9596808066789617e+02, 0.0, 7.9878299544533866e+02,
            0.0, 9.0072060651267680e+02, 6.2478530605797278e+02, 0.0,
            0.0, 1.0 ]
    },
    "distortion_coefficients": {
        "type_id": "opencv-matrix",
        "rows": 1,
        "cols": 5,
        "dt": "d",
        "data": [ 5.7102352468374272e-02, -1.0768159697804594e-01,
            -6.7087844052856798e-03, -5.1102486958708258e-03,
            3.8365214346319239e-02 ]
    }
}
