{
    "calibration_date": "2023-10-15 13:47:25.998582",
    "camera_resolution": {
        "type_id": "opencv-matrix",
        "rows": 2,
        "cols": 1,
        "dt": "d",
        "data": [ 720.0, 1280.0 ]
    },
    "camera_matrix": {
        "type_id": "opencv-matrix",
        "rows": 3,
        "cols": 3,
        "dt": "d",
        "data": [ 1.3583850585284063e+03, 0.0, 4.3939678358918559e+02,
            0.0, 1.4131529177132511e+03, 5.2915569418905523e+02, 0.0,
            0.0, 1.0 ]
    },
    "distortion_coefficients": {
        "type_id": "opencv-matrix",
        "rows": 1,
        "cols": 5,
        "dt": "d",
        "data": [ -5.6350293888849899e-02, 5.9472949253459195e-02,
            1.8786239664845605e-02, -3.6749622847944093e-02,
            -1.0139440152791346e-01 ]
    }
}
