{
    "calibration_date": "2023-10-08 14:23:56.580616",
    "camera_resolution": {
        "type_id": "opencv-matrix",
        "rows": 2,
        "cols": 1,
        "dt": "d",
        "data": [ 480.0, 640.0 ]
    },
    "camera_matrix": {
        "type_id": "opencv-matrix",
        "rows": 3,
        "cols": 3,
        "dt": "d",
        "data": [ 6.8942124082769828e+02, 0.0, 2.8105987519149915e+02,
            0.0, 7.9203180337895787e+02, 1.3364868799213144e+02, 0.0,
            0.0, 1.0 ]
    },
    "distortion_coefficients": {
        "type_id": "opencv-matrix",
        "rows": 1,
        "cols": 5,
        "dt": "d",
        "data": [ 4.6697888537764576e-01, -2.0093130935538767e-01,
            -1.7745468314819646e-01, -4.8861740379454337e-02,
            1.8084958672275702e-02 ]
    }
}
